import numpy as np
import texture_toolbox as tt
from pprint import pprint

np.random.seed(33)
array_2d = np.random.randint (5, 20, size=(10,10))
array_3d = np.random.randint(5, 20, size=(10,10,10))

matrix_2d = tt.features.all_features(array_2d)
matrix_3d = tt.features.all_features(array_3d)

print("2D features:")
pprint(matrix_2d)
print("")
print("3D features:")
pprint(matrix_3d)


class answers_2d:
    def __init__(self):
        self.first_order = np.array([18.3051    , -0.2257875 , -1.17533398])

        self.glcm_features = np.array([6.69592805e-03, 3.66138033e+01, 7.41137163e+00, 2.64347479e-01,
                                    2.98665451e-02, 3.35485190e-02, 4.71762456e-02, 4.98226647e+00,
                                    1.80644097e+02])
        self.glrlm_features = np.array([2.43292175e-01, 4.26433971e+00, 7.34481948e-02, 9.10461013e-01,
                                4.87536999e-01, 8.34242605e-03, 1.97495651e+02, 2.03300410e-03,
                                4.79205491e+01, 3.53382125e-02, 8.49309681e+02, 1.41831253e-01,
                                2.69973843e-03])
        self.glszm_features = np.array([2.17981716e-01, 5.45569620e+00, 7.38663676e-02, 6.48133312e-01,
                                4.41340782e-01, 8.44349822e-03, 1.93215190e+02, 1.84949013e-03,
                                4.14817370e+01, 4.47593055e-02, 1.09816456e+03, 8.12223041e-02,
                                1.89487262e-03])
        self.ngtdm_features = np.array([5.41381877e-02, 4.50872046e-01, 1.53009029e-01, 2.26364626e+02,
                                4.31010150e+00])
        
        self.glcm = np.array([[0.        , 0.        , 0.        , 0.        , 0.        ,
        0.        , 0.        , 0.        , 0.        , 0.        ,
        0.        , 0.        , 0.        , 0.        , 0.        ,
        0.        , 0.        , 0.        , 0.        , 0.        ],
       [0.        , 0.        , 0.        , 0.        , 0.        ,
        0.        , 0.        , 0.        , 0.        , 0.        ,
        0.        , 0.        , 0.        , 0.        , 0.        ,
        0.        , 0.        , 0.        , 0.        , 0.        ],
       [0.        , 0.        , 0.        , 0.        , 0.        ,
        0.        , 0.        , 0.        , 0.        , 0.        ,
        0.        , 0.        , 0.        , 0.        , 0.        ,
        0.        , 0.        , 0.        , 0.        , 0.        ],
       [0.        , 0.        , 0.        , 0.        , 0.        ,
        0.        , 0.        , 0.        , 0.        , 0.        ,
        0.        , 0.        , 0.        , 0.        , 0.        ,
        0.        , 0.        , 0.        , 0.        , 0.        ],
       [0.        , 0.        , 0.        , 0.        , 0.        ,
        0.        , 0.        , 0.        , 0.        , 0.        ,
        0.        , 0.        , 0.        , 0.        , 0.        ,
        0.        , 0.        , 0.        , 0.        , 0.        ],
       [0.        , 0.        , 0.        , 0.        , 0.        ,
        0.00488875, 0.0051853 , 0.00295062, 0.00813592, 0.00172843,
        0.        , 0.00417281, 0.0105803 , 0.00295062, 0.005395  ,
        0.0095678 , 0.00295062, 0.00467906, 0.00295062, 0.        ],
       [0.        , 0.        , 0.        , 0.        , 0.        ,
        0.0051853 , 0.        , 0.00467906, 0.00590124, 0.00661718,
        0.00172843, 0.00172843, 0.00345687, 0.00640749, 0.00885186,
        0.00590124, 0.00417281, 0.0095678 , 0.00295062, 0.00611094],
       [0.        , 0.        , 0.        , 0.        , 0.        ,
        0.00295062, 0.00467906, 0.00244437, 0.00345687, 0.00122219,
        0.        , 0.00172843, 0.00122219, 0.00417281, 0.00122219,
        0.00295062, 0.00295062, 0.00345687, 0.00295062, 0.00244437],
       [0.        , 0.        , 0.        , 0.        , 0.        ,
        0.00813592, 0.00590124, 0.00345687, 0.00590124, 0.00417281,
        0.        , 0.00885186, 0.01007405, 0.00295062, 0.00783937,
        0.00712343, 0.01007405, 0.00762968, 0.00244437, 0.00295062],
       [0.        , 0.        , 0.        , 0.        , 0.        ,
        0.00172843, 0.00661718, 0.00122219, 0.00417281, 0.00345687,
        0.        , 0.        , 0.00417281, 0.00366656, 0.00244437,
        0.00122219, 0.        , 0.00762968, 0.00172843, 0.00864217],
       [0.        , 0.        , 0.        , 0.        , 0.        ,
        0.        , 0.00172843, 0.        , 0.        , 0.        ,
        0.        , 0.00172843, 0.00172843, 0.        , 0.00244437,
        0.00122219, 0.00244437, 0.00345687, 0.        , 0.00417281],
       [0.        , 0.        , 0.        , 0.        , 0.        ,
        0.00417281, 0.00172843, 0.00172843, 0.00885186, 0.        ,
        0.00172843, 0.00244437, 0.00590124, 0.00295062, 0.00244437,
        0.01108654, 0.00244437, 0.00712343, 0.00762968, 0.00122219],
       [0.        , 0.        , 0.        , 0.        , 0.        ,
        0.0105803 , 0.00345687, 0.00122219, 0.01007405, 0.00417281,
        0.00172843, 0.00590124, 0.        , 0.00762968, 0.00417281,
        0.00712343, 0.00885186, 0.00712343, 0.00122219, 0.00712343],
       [0.        , 0.        , 0.        , 0.        , 0.        ,
        0.00295062, 0.00640749, 0.00417281, 0.00295062, 0.00366656,
        0.        , 0.00295062, 0.00762968, 0.00488875, 0.00345687,
        0.00762968, 0.00295062, 0.01180248, 0.00122219, 0.00345687],
       [0.        , 0.        , 0.        , 0.        , 0.        ,
        0.005395  , 0.00885186, 0.00122219, 0.00783937, 0.00244437,
        0.00244437, 0.00244437, 0.00417281, 0.00345687, 0.00590124,
        0.00640749, 0.00691374, 0.00467906, 0.00467906, 0.00417281],
       [0.        , 0.        , 0.        , 0.        , 0.        ,
        0.0095678 , 0.00590124, 0.00295062, 0.00712343, 0.00122219,
        0.00122219, 0.01108654, 0.00712343, 0.00762968, 0.00640749,
        0.00244437, 0.00467906, 0.00661718, 0.00417281, 0.00467906],
       [0.        , 0.        , 0.        , 0.        , 0.        ,
        0.00295062, 0.00417281, 0.00295062, 0.01007405, 0.        ,
        0.00244437, 0.00244437, 0.00885186, 0.00295062, 0.00691374,
        0.00467906, 0.00733312, 0.01007405, 0.00295062, 0.0157656 ],
       [0.        , 0.        , 0.        , 0.        , 0.        ,
        0.00467906, 0.0095678 , 0.00345687, 0.00762968, 0.00762968,
        0.00345687, 0.00712343, 0.00712343, 0.01180248, 0.00467906,
        0.00661718, 0.01007405, 0.01180248, 0.00467906, 0.00834562],
       [0.        , 0.        , 0.        , 0.        , 0.        ,
        0.00295062, 0.00295062, 0.00295062, 0.00244437, 0.00172843,
        0.        , 0.00762968, 0.00122219, 0.00122219, 0.00467906,
        0.00417281, 0.00295062, 0.00467906, 0.        , 0.        ],
       [0.        , 0.        , 0.        , 0.        , 0.        ,
        0.        , 0.00611094, 0.00244437, 0.00295062, 0.00864217,
        0.00417281, 0.00122219, 0.00712343, 0.00345687, 0.00417281,
        0.00467906, 0.0157656 , 0.00834562, 0.        , 0.00590124]])

        self.glrlm = np.array([[0.        , 0.        , 0.        , 0.        ],
       [0.        , 0.        , 0.        , 0.        ],
       [0.        , 0.        , 0.        , 0.        ],
       [0.        , 0.        , 0.        , 0.        ],
       [0.        , 0.        , 0.        , 0.        ],
       [0.        , 0.05435977, 0.00435391, 0.        ],
       [0.        , 0.07357885, 0.        , 0.        ],
       [0.        , 0.03769115, 0.00217695, 0.        ],
       [0.        , 0.08409011, 0.00525563, 0.        ],
       [0.        , 0.04639896, 0.00307868, 0.        ],
       [0.        , 0.02102253, 0.        , 0.        ],
       [0.        , 0.05871368, 0.00217695, 0.        ],
       [0.        , 0.08409011, 0.        , 0.        ],
       [0.        , 0.05435977, 0.00435391, 0.        ],
       [0.        , 0.07357885, 0.00525563, 0.        ],
       [0.        , 0.09024746, 0.00217695, 0.        ],
       [0.        , 0.0837166 , 0.00217695, 0.00217695],
       [0.        , 0.08626706, 0.00615736, 0.00217695],
       [0.        , 0.04204506, 0.        , 0.        ],
       [0.        , 0.06306758, 0.00525563, 0.        ]])
        
        self.glszm = np.array([[0.        , 0.        , 0.        , 0.        , 0.        ],
       [0.        , 0.        , 0.        , 0.        , 0.        ],
       [0.        , 0.        , 0.        , 0.        , 0.        ],
       [0.        , 0.        , 0.        , 0.        , 0.        ],
       [0.        , 0.        , 0.        , 0.        , 0.        ],
       [0.        , 0.02531646, 0.02531646, 0.        , 0.        ],
       [0.        , 0.08860759, 0.        , 0.        , 0.        ],
       [0.        , 0.02531646, 0.01265823, 0.        , 0.        ],
       [0.        , 0.07594937, 0.        , 0.01265823, 0.        ],
       [0.        , 0.03797468, 0.01265823, 0.        , 0.        ],
       [0.        , 0.02531646, 0.        , 0.        , 0.        ],
       [0.        , 0.05063291, 0.01265823, 0.        , 0.        ],
       [0.        , 0.10126582, 0.        , 0.        , 0.        ],
       [0.        , 0.02531646, 0.02531646, 0.        , 0.        ],
       [0.        , 0.05063291, 0.02531646, 0.        , 0.        ],
       [0.        , 0.08860759, 0.01265823, 0.        , 0.        ],
       [0.        , 0.05063291, 0.01265823, 0.01265823, 0.        ],
       [0.        , 0.05063291, 0.01265823, 0.        , 0.01265823],
       [0.        , 0.05063291, 0.        , 0.        , 0.        ],
       [0.        , 0.03797468, 0.02531646, 0.        , 0.        ]])
        
        self.ngtdm_1 = np.array([ 0.   ,  0.   ,  0.   ,  0.   ,  0.   , 31.75 , 33.25 ,  8.625,
       19.125, 10.375,  6.125,  6.125,  9.375,  5.375,  6.75 , 13.625,
       13.25 , 36.875, 20.5  , 37.5  ])
        self.ngtdm_2 = np.array([ 0.,  0.,  0.,  0.,  0.,  6.,  7.,  4.,  9.,  5.,  2.,  6.,  8.,
        6.,  8.,  9.,  9., 10.,  4.,  7.])



class answers_3d:
    def __init__(self):
        self.first_order = np.array([ 1.88520390e+01,  2.56884925e-03, -1.22733967e+00])

        self.glcm_features = np.array([4.62493635e-03, 3.73477100e+01, 7.78450587e+00, 2.74799458e-01,
                                1.97217915e-02, 3.22798532e-02, 4.76238654e-02, 4.96387056e+00,
                                1.67093918e+02])
        self.glrlm_features = np.array([2.42167062e-01, 4.29427751e+00, 6.75319023e-02, 8.94742636e-01,
                                4.85930165e-01, 8.89631477e-03, 1.87267965e+02, 2.15124393e-03,
                                4.53839840e+01, 3.83186392e-02, 8.03048085e+02, 9.60345855e-02,
                                2.00082258e-03])
        self.glszm_features = np.array([1.65554787e-01, 1.83507109e+01, 6.82486916e-02, 3.38256104e-01,
                                2.96765120e-01, 8.86282996e-03, 1.87571090e+02, 1.50482496e-03,
                                3.09640910e+01, 1.72029372e-01, 3.40835545e+03, 8.63184140e-03,
                                2.88940410e-04])
        self.ngtdm_features = np.array([7.51873829e-03, 3.51421329e-01, 1.71667405e+00, 1.67647649e+02,
                                5.75070566e-01])
        
        self.glcm = np.array([[0.        , 0.        , 0.        , 0.        , 0.        ,
        0.        , 0.        , 0.        , 0.        , 0.        ,
        0.        , 0.        , 0.        , 0.        , 0.        ,
        0.        , 0.        , 0.        , 0.        , 0.        ],
       [0.        , 0.        , 0.        , 0.        , 0.        ,
        0.        , 0.        , 0.        , 0.        , 0.        ,
        0.        , 0.        , 0.        , 0.        , 0.        ,
        0.        , 0.        , 0.        , 0.        , 0.        ],
       [0.        , 0.        , 0.        , 0.        , 0.        ,
        0.        , 0.        , 0.        , 0.        , 0.        ,
        0.        , 0.        , 0.        , 0.        , 0.        ,
        0.        , 0.        , 0.        , 0.        , 0.        ],
       [0.        , 0.        , 0.        , 0.        , 0.        ,
        0.        , 0.        , 0.        , 0.        , 0.        ,
        0.        , 0.        , 0.        , 0.        , 0.        ,
        0.        , 0.        , 0.        , 0.        , 0.        ],
       [0.        , 0.        , 0.        , 0.        , 0.        ,
        0.        , 0.        , 0.        , 0.        , 0.        ,
        0.        , 0.        , 0.        , 0.        , 0.        ,
        0.        , 0.        , 0.        , 0.        , 0.        ],
       [0.        , 0.        , 0.        , 0.        , 0.        ,
        0.00437115, 0.00611479, 0.00524345, 0.00403266, 0.00444697,
        0.00447784, 0.00456454, 0.00449116, 0.00345973, 0.00423853,
        0.0036932 , 0.00385829, 0.00471058, 0.00428859, 0.00410922],
       [0.        , 0.        , 0.        , 0.        , 0.        ,
        0.00611479, 0.00691969, 0.00695512, 0.00416087, 0.00435038,
        0.0051116 , 0.00606791, 0.00563199, 0.00428199, 0.0049057 ,
        0.00392349, 0.00445526, 0.00504149, 0.0057436 , 0.00515004],
       [0.        , 0.        , 0.        , 0.        , 0.        ,
        0.00524345, 0.00695512, 0.00661738, 0.00420176, 0.00527496,
        0.00451448, 0.0061198 , 0.0052001 , 0.00496675, 0.00590308,
        0.00454795, 0.00473122, 0.00520672, 0.00545189, 0.00448286],
       [0.        , 0.        , 0.        , 0.        , 0.        ,
        0.00403266, 0.00416087, 0.00420176, 0.00248339, 0.00300941,
        0.00359907, 0.00360222, 0.0028851 , 0.00288755, 0.00327782,
        0.00292114, 0.00276923, 0.00357733, 0.00324129, 0.00353826],
       [0.        , 0.        , 0.        , 0.        , 0.        ,
        0.00444697, 0.00435038, 0.00527496, 0.00300941, 0.0030453 ,
        0.00394595, 0.00538522, 0.00403095, 0.00450119, 0.00417589,
        0.00339721, 0.00381739, 0.00432278, 0.00540938, 0.00380566],
       [0.        , 0.        , 0.        , 0.        , 0.        ,
        0.00447784, 0.0051116 , 0.00451448, 0.00359907, 0.00394595,
        0.0039926 , 0.00514175, 0.0041743 , 0.00472706, 0.00343141,
        0.00278094, 0.00382838, 0.0047305 , 0.00349967, 0.00467457],
       [0.        , 0.        , 0.        , 0.        , 0.        ,
        0.00456454, 0.00606791, 0.0061198 , 0.00360222, 0.00538522,
        0.00514175, 0.00628061, 0.00534273, 0.00528998, 0.00590881,
        0.00451205, 0.00581624, 0.00590869, 0.00585447, 0.00521183],
       [0.        , 0.        , 0.        , 0.        , 0.        ,
        0.00449116, 0.00563199, 0.0052001 , 0.0028851 , 0.00403095,
        0.0041743 , 0.00534273, 0.00429127, 0.00359638, 0.00362652,
        0.00306192, 0.00359222, 0.00514981, 0.0052951 , 0.00456466],
       [0.        , 0.        , 0.        , 0.        , 0.        ,
        0.00345973, 0.00428199, 0.00496675, 0.00288755, 0.00450119,
        0.00472706, 0.00528998, 0.00359638, 0.00442607, 0.00486628,
        0.00337548, 0.00437859, 0.0051001 , 0.00474394, 0.00436699],
       [0.        , 0.        , 0.        , 0.        , 0.        ,
        0.00423853, 0.0049057 , 0.00590308, 0.00327782, 0.00417589,
        0.00343141, 0.00590881, 0.00362652, 0.00486628, 0.00483463,
        0.00356817, 0.00337219, 0.00468555, 0.00465636, 0.00430604],
       [0.        , 0.        , 0.        , 0.        , 0.        ,
        0.0036932 , 0.00392349, 0.00454795, 0.00292114, 0.00339721,
        0.00278094, 0.00451205, 0.00306192, 0.00337548, 0.00356817,
        0.00401924, 0.00400421, 0.00411751, 0.00422081, 0.00324372],
       [0.        , 0.        , 0.        , 0.        , 0.        ,
        0.00385829, 0.00445526, 0.00473122, 0.00276923, 0.00381739,
        0.00382838, 0.00581624, 0.00359222, 0.00437859, 0.00337219,
        0.00400421, 0.00304703, 0.00511157, 0.0042478 , 0.00365829],
       [0.        , 0.        , 0.        , 0.        , 0.        ,
        0.00471058, 0.00504149, 0.00520672, 0.00357733, 0.00432278,
        0.0047305 , 0.00590869, 0.00514981, 0.0051001 , 0.00468555,
        0.00411751, 0.00511157, 0.00545372, 0.00468616, 0.00442278],
       [0.        , 0.        , 0.        , 0.        , 0.        ,
        0.00428859, 0.0057436 , 0.00545189, 0.00324129, 0.00540938,
        0.00349967, 0.00585447, 0.0052951 , 0.00474394, 0.00465636,
        0.00422081, 0.0042478 , 0.00468616, 0.00507839, 0.00447454],
       [0.        , 0.        , 0.        , 0.        , 0.        ,
        0.00410922, 0.00515004, 0.00448286, 0.00353826, 0.00380566,
        0.00467457, 0.00521183, 0.00456466, 0.00436699, 0.00430604,
        0.00324372, 0.00365829, 0.00442278, 0.00447454, 0.00406416]])

        self.glrlm = np.array([[0.00000000e+00, 0.00000000e+00, 0.00000000e+00, 0.00000000e+00,
        0.00000000e+00],
       [0.00000000e+00, 0.00000000e+00, 0.00000000e+00, 0.00000000e+00,
        0.00000000e+00],
       [0.00000000e+00, 0.00000000e+00, 0.00000000e+00, 0.00000000e+00,
        0.00000000e+00],
       [0.00000000e+00, 0.00000000e+00, 0.00000000e+00, 0.00000000e+00,
        0.00000000e+00],
       [0.00000000e+00, 0.00000000e+00, 0.00000000e+00, 0.00000000e+00,
        0.00000000e+00],
       [0.00000000e+00, 6.15576961e-02, 3.39513484e-03, 1.38703665e-04,
        0.00000000e+00],
       [0.00000000e+00, 6.69380014e-02, 5.25321795e-03, 2.80273543e-04,
        0.00000000e+00],
       [0.00000000e+00, 7.26177692e-02, 5.23476191e-03, 1.62501450e-04,
        0.00000000e+00],
       [0.00000000e+00, 4.98616413e-02, 1.92398127e-03, 8.12507251e-05,
        0.00000000e+00],
       [0.00000000e+00, 6.06931203e-02, 2.11868380e-03, 2.19954390e-04,
        0.00000000e+00],
       [0.00000000e+00, 5.99392828e-02, 3.35448849e-03, 0.00000000e+00,
        0.00000000e+00],
       [0.00000000e+00, 7.53177392e-02, 4.91529603e-03, 1.80762134e-04,
        0.00000000e+00],
       [0.00000000e+00, 5.74211007e-02, 3.40640435e-03, 9.95114088e-05,
        0.00000000e+00],
       [0.00000000e+00, 6.56395944e-02, 3.55618219e-03, 8.12507251e-05,
        0.00000000e+00],
       [0.00000000e+00, 6.38951583e-02, 3.89944577e-03, 8.12507251e-05,
        0.00000000e+00],
       [0.00000000e+00, 5.26853065e-02, 3.04201389e-03, 8.12507251e-05,
        5.74529397e-05],
       [0.00000000e+00, 6.15856195e-02, 2.44514076e-03, 5.74529397e-05,
        0.00000000e+00],
       [0.00000000e+00, 7.06792234e-02, 3.58162940e-03, 5.00227933e-04,
        0.00000000e+00],
       [0.00000000e+00, 6.68078530e-02, 3.80712084e-03, 2.29811759e-04,
        0.00000000e+00],
       [0.00000000e+00, 5.87611250e-02, 3.41461236e-03, 0.00000000e+00,
        0.00000000e+00]])

        self.glszm = np.array([[0.        , 0.        , 0.        , 0.        , 0.        ,
        0.        , 0.        , 0.        , 0.        , 0.        ,
        0.        , 0.        , 0.        , 0.        , 0.        ,
        0.        , 0.        , 0.        , 0.        , 0.        ,
        0.        , 0.        , 0.        , 0.        , 0.        ],
       [0.        , 0.        , 0.        , 0.        , 0.        ,
        0.        , 0.        , 0.        , 0.        , 0.        ,
        0.        , 0.        , 0.        , 0.        , 0.        ,
        0.        , 0.        , 0.        , 0.        , 0.        ,
        0.        , 0.        , 0.        , 0.        , 0.        ],
       [0.        , 0.        , 0.        , 0.        , 0.        ,
        0.        , 0.        , 0.        , 0.        , 0.        ,
        0.        , 0.        , 0.        , 0.        , 0.        ,
        0.        , 0.        , 0.        , 0.        , 0.        ,
        0.        , 0.        , 0.        , 0.        , 0.        ],
       [0.        , 0.        , 0.        , 0.        , 0.        ,
        0.        , 0.        , 0.        , 0.        , 0.        ,
        0.        , 0.        , 0.        , 0.        , 0.        ,
        0.        , 0.        , 0.        , 0.        , 0.        ,
        0.        , 0.        , 0.        , 0.        , 0.        ],
       [0.        , 0.        , 0.        , 0.        , 0.        ,
        0.        , 0.        , 0.        , 0.        , 0.        ,
        0.        , 0.        , 0.        , 0.        , 0.        ,
        0.        , 0.        , 0.        , 0.        , 0.        ,
        0.        , 0.        , 0.        , 0.        , 0.        ],
       [0.        , 0.05687204, 0.00236967, 0.00473934, 0.00236967,
        0.00236967, 0.        , 0.00473934, 0.        , 0.        ,
        0.00236967, 0.        , 0.        , 0.        , 0.        ,
        0.        , 0.        , 0.        , 0.        , 0.        ,
        0.        , 0.        , 0.        , 0.        , 0.        ],
       [0.        , 0.01895735, 0.01658768, 0.007109  , 0.00473934,
        0.        , 0.        , 0.        , 0.        , 0.        ,
        0.        , 0.00236967, 0.        , 0.        , 0.        ,
        0.        , 0.        , 0.        , 0.        , 0.        ,
        0.        , 0.        , 0.        , 0.        , 0.00236967],
       [0.        , 0.03080569, 0.01421801, 0.        , 0.00473934,
        0.        , 0.        , 0.00473934, 0.        , 0.00236967,
        0.00236967, 0.        , 0.        , 0.00236967, 0.        ,
        0.        , 0.        , 0.        , 0.        , 0.        ,
        0.        , 0.        , 0.        , 0.        , 0.        ],
       [0.        , 0.03554502, 0.01895735, 0.01184834, 0.        ,
        0.00236967, 0.        , 0.        , 0.        , 0.        ,
        0.        , 0.        , 0.        , 0.        , 0.        ,
        0.        , 0.        , 0.        , 0.        , 0.        ,
        0.        , 0.        , 0.        , 0.        , 0.        ],
       [0.        , 0.05924171, 0.00947867, 0.007109  , 0.00236967,
        0.        , 0.00236967, 0.        , 0.        , 0.        ,
        0.00236967, 0.        , 0.        , 0.        , 0.        ,
        0.        , 0.        , 0.        , 0.        , 0.        ,
        0.        , 0.        , 0.        , 0.        , 0.        ],
       [0.        , 0.03554502, 0.01658768, 0.007109  , 0.00473934,
        0.        , 0.        , 0.        , 0.00236967, 0.00236967,
        0.        , 0.        , 0.        , 0.        , 0.        ,
        0.        , 0.        , 0.        , 0.        , 0.        ,
        0.        , 0.        , 0.        , 0.        , 0.        ],
       [0.        , 0.02132701, 0.01895735, 0.01658768, 0.007109  ,
        0.        , 0.        , 0.        , 0.        , 0.        ,
        0.00236967, 0.        , 0.        , 0.00236967, 0.        ,
        0.        , 0.        , 0.        , 0.        , 0.        ,
        0.        , 0.        , 0.        , 0.        , 0.        ],
       [0.        , 0.02369668, 0.01421801, 0.00473934, 0.00473934,
        0.        , 0.00236967, 0.00236967, 0.        , 0.        ,
        0.        , 0.        , 0.00236967, 0.        , 0.        ,
        0.        , 0.        , 0.        , 0.        , 0.        ,
        0.        , 0.        , 0.        , 0.        , 0.        ],
       [0.        , 0.03791469, 0.01658768, 0.007109  , 0.007109  ,
        0.        , 0.007109  , 0.        , 0.        , 0.        ,
        0.        , 0.        , 0.        , 0.        , 0.        ,
        0.        , 0.        , 0.        , 0.        , 0.        ,
        0.        , 0.        , 0.        , 0.        , 0.        ],
       [0.        , 0.03080569, 0.00947867, 0.007109  , 0.00236967,
        0.        , 0.00236967, 0.00473934, 0.        , 0.        ,
        0.        , 0.        , 0.        , 0.        , 0.00236967,
        0.        , 0.        , 0.        , 0.        , 0.        ,
        0.        , 0.        , 0.        , 0.        , 0.        ],
       [0.        , 0.02132701, 0.01184834, 0.00473934, 0.00236967,
        0.00473934, 0.        , 0.00236967, 0.        , 0.        ,
        0.00236967, 0.        , 0.        , 0.        , 0.        ,
        0.        , 0.        , 0.        , 0.        , 0.        ,
        0.        , 0.        , 0.        , 0.        , 0.        ],
       [0.        , 0.0450237 , 0.01895735, 0.01184834, 0.00473934,
        0.00236967, 0.        , 0.        , 0.        , 0.        ,
        0.        , 0.        , 0.        , 0.        , 0.        ,
        0.        , 0.        , 0.        , 0.        , 0.        ,
        0.        , 0.        , 0.        , 0.        , 0.        ],
       [0.        , 0.02843602, 0.01658768, 0.        , 0.00473934,
        0.        , 0.00473934, 0.00236967, 0.        , 0.        ,
        0.        , 0.        , 0.        , 0.        , 0.        ,
        0.        , 0.        , 0.        , 0.        , 0.        ,
        0.        , 0.        , 0.00236967, 0.        , 0.        ],
       [0.        , 0.04739336, 0.01184834, 0.00473934, 0.        ,
        0.00473934, 0.00236967, 0.00236967, 0.        , 0.        ,
        0.        , 0.        , 0.00236967, 0.        , 0.        ,
        0.        , 0.        , 0.        , 0.        , 0.        ,
        0.        , 0.        , 0.        , 0.        , 0.        ],
       [0.        , 0.03317536, 0.02132701, 0.00236967, 0.00236967,
        0.        , 0.        , 0.        , 0.        , 0.00236967,
        0.        , 0.        , 0.        , 0.        , 0.00236967,
        0.        , 0.        , 0.        , 0.        , 0.        ,
        0.        , 0.        , 0.        , 0.        , 0.        ]])

        self.ngtdm_1 = np.array([  0.      ,   0.      ,   0.      ,   0.      ,   0.      ,
       235.1154  , 258.11536 , 194.7692  ,  83.769226,  94.153854,
        56.307693,  48.461544,  27.346151,  26.96154 ,  72.653854,
        79.5     , 120.96155 , 176.19232 , 216.30766 , 266.69235 ])
        self.ngtdm_2 = np.array([ 0.,  0.,  0.,  0.,  0., 65., 74., 79., 51., 62., 63., 81., 61.,
       69., 68., 56., 63., 75., 71., 62.])

print("#########################################################")
a_2d = answers_2d()
print("")
pprint(vars(a_2d))
f2d = []
a1 = a_2d.first_order
a2 = matrix_2d.first_order

if np.allclose(a1, a2):
    print("success")
else:
    pprint(a1)
    pprint(a2)